[LiveUpdate]
Interval=7

[main]
build=1998
obuild=0
Lang=Chinese Simplified.dlf
LSS=35E50C40
Options=1001000010000010011010011111111000000101111101110000000010001000000100110010011041100000000210010111111113001111010100011001000000000000000010400001131110100111010
v4opt=eJwtkUEOAzEIA++V+pdAAMP/P9Yts6eRsInjJKzMv594cMEs3ECCAr0ItGAYDJP1DKBF4SwSCkuRICxivQ9goVloLI1luMswnB3qGEjwDjdBdoADLCaAxQOgOdpFS46mmCgmioliopgopsIiNKEJTa9GEKUlgiitRusCBDWWYZ0n0GDhJfS+xKyzzwEGLijwX/C8FwTIxX6qp7DsBR88Z/4An3tWpA==
PIDX=0

[H]
H=B9E4D000-FBB7-4B97-B90B-F8D8A7B243D1

[SiteManager]
Left=371
Top=122
Width=658
Height=477
State=0

[Graph]
V=0
H=65

[window]
Left=196
Top=21
Width=1024
Height=676
State=0
TS=0.5
BS=0.5
CS=0.504518091678619
THP=512
LTS=0.40625
RTS=0.5

[QueueWindow]
Left=0
Top=0
Width=588
Height=271
State=0

[AE]
Left=520
Top=237
Width=310
Height=215
State=0

[SESDlg]
Left=380
Top=154
Width=591
Height=402
State=0
OnTop=0
Wrap=0

[statuswin]
Left=380
Top=154
Width=591
Height=401
State=0
Font="Default", 8, [], , 134
Color=-16777211
OnTop=0
Wrap=0

[SITE_MRU]
1=42577.6000917361140.zuji219.com
2=ggg
3=42577.7484019676112.121.175.140
4=ceshi
5=bjjsaz
6=bjwzsj
7=bokehot
8=bokess
9=mobile
10=golf
11=seo
12=41774.4281685648blog
13=blog
14=zhaohu
15=13

[Session]
3607672=2016-07-29_10.52.42.3607672.fqf
