[41774.4281685648blog]
created=41774.4281685648
IP=blog
port=21
user=anonymous
LoginType=0
options=3030333000033001103000010003333000001002000133003
Proxy=0
ID=31CE6D76

[42577.7484019676112.121.175.140]
created=42577.7484019676
IP=112.121.175.140
port=21
user=m953665625
pass=C63FB2DD177C808EE42F55BBDA789D
LoginType=1
options=3030333000033001103000010003333000001002000133203
Proxy=0
ID=8C54AEDF

[42577.6000917361140.zuji219.com]
created=42577.6000917361
IP=140.zuji219.com
port=21
user=m953665625
pass=CE275AA5D0324AB5C7C9CB3B5AF718
LoginType=1
options=3030333000033001103000010003333000001002000133203
Proxy=0
ID=0FEB4BF7
