[ceshi]
created=42534.3850545255
IP=121.127.232.128
user=haisheng2014
pass=B28CFC1C7AD55BBB3A15005BF254F3
port=21
DSL=25
USL=25
options=3030333000033001103000010003333000001002000133203
LoginType=1
TZ=-1
ID=C650BF30

[ggg]
created=42579.6282200579
IP=123.60.210.113
user=lengmo
pass=52E4197CD6453F4787
port=2121
DSL=25
USL=25
options=3030333000033001103000010003333000001002000133203
LoginType=1
TZ=-1
ID=9AC824FC
