[#Total#]
LR=41612.5866214468
TC=529
FD=614458365
2=2405
FU=340512243
1=26017

[ceshi]
TC=8
LC=42535.7104908565

[42577.6000917361140.zuji219.com]
TC=28
LC=42580.4532953819
FU=65562689
1=5384
FD=10189
2=3

[ggg]
TC=1
LC=42579.6282771181
